user_id,stance,notes
10ebbor10,,
112358132134fitty5,,
Bookwrrm,,
Candelestine,,
DeltaBot,,
Emijah1,,
Far-Village-4783,,
G_E_E_S_E,,
GenericUsername19892,,
Genoscythe_,,
Ghauldidnothingwrong,,
Helpfulcloning,,
I_am_the_night,,
JazzHandsNinja42,,
Jebofkerbin,,
Kybrator,,
LeTeddyDeReddit,,
Lexibabey,,
MoFauxTofu,,
Momo_incarnate,,
No-Transportation635,,
Odd_Profession_2902,,
P4DD4V1S,,
SirLoremIpsum,,
ThatGuyWithTheNeck,,
Vesurel,,
alexanderhamilton97,,
carterb199,,
cliu1222,,
darwin2500,,
eilykmai,,
fablastic,,
fox-mcleod,,
frolf_grisbee,,
hidden-shadow,,
iwfan53,,
kittynaed,,
kma1233,,
one_time_around,,
prollywannacracker,,
teaisjustgaycoffee,,
throwaway_question69,,
throwawaydanc3rrr,,
tidalbeing,,
translucentgirl1,,
vegfire,,
waterbuffalo750,,
